#CENTER_OF_ORBIT         BODYNAME          SEMIMAJOR_AXIS  BVmag UBmag  Orb.i   AscNode   ArgPeri   MeanAnom   ±ABSMG VolMeanRad   Oblateness Eccentricity OrbitPeriod        Eqincl  Equinox   RotationPeriod     Mass         Atm.Pa. Epoch       PrecEq          J2                          PrecNode        ProcArgPeri
Sun                      Mercury               57909100000 +0.97 +0.40  07.00   048.331   029.1241  174.796    -0.42     2439700   .0009      .205630            7600530        0.01  325.             5067000     3.3011e+26    5e-10  2000                        0.00006
Sun                      Venus                108209000000 +0.81 +0.50  03.39   076.680   054.884   050.115    -4.40     6051800   .000       .006772           19414200        2.64  057.59         -20997150     4.86731e+27  9.3e+6  2000                        0.000027
Sun                      Earth                149598023000 +0.20 +0.0   00.00   348.73936 114.20783 355.51783  -3.86     6371000   .00335     .0167086          31558149.7635  23.45  000.00000          86164.100 5.97217e+27  101325  2000.0000   8.1329e+11      0.0010826
Sun                      Mars                 227939366000 +1.43 +0.63  01.85   049.57854 286.5     019.412    -1.52     3389500   .00589     .0934             59355100       25.19  265.06             88642.68  6.4171e+26      636  2000                        0.00196
Sun                      Jupiter              778479000000 +0.87 +0.48  01.31   100.464   273.867   020.020    -9.40    69886000   .06499     .0489            374336000        3.13  137.13             35730     1.898125e+30 600000  2000                        0.01475
Sun                      Saturn              1433530000000 +1.09 +0.58  02.48   113.665   339.392   317.020    -8.88    58232000   .09796     .0565            929292500       26.73  353.62             38018     5.68317e+29    1e+8  2000                        0.01645
Sun                      Uranus              2870972000000 +0.56 +0.28  00.77   074.006   96.998857 142.238600 -7.19    25362000   .02293     .04717          2651490000       97.77  347.48             62092.3   8.68099e+28    ????  2000                        0.012
Sun                      Neptune             4498397592000 +0.41 +0.21  01.77   131.783   273.187   259.883    -6.87    24622000   .01708     .008678         5200800000       28.32  225.94             58100     1.024092e+29   ????  2000                        0.004

Earth                    Moon                    384467000 +0.92 +0.46  5.1454  124.1228  309.7634  137.7254   +0.21  1737371.7    .7064      .0549        2360584.6848         1.5   127.04             tidal     7.349E+25            2000        5.869e+8                                    5.869e+8        2.793e+8
Mars                     Phobos                    9380000              1.075   344.17    37.247    100.293    +11.8  11200.218    .5437      .0151        27553.824          1.075   304.48             tidal     1.06E+24             1950.0003
Mars                     Deimos                   23460000              1.793   339.6     292.496   20.51      +12.89 6100.2325    .5689      .0002        109074.9024        1.793   335.08             tidal     2.4E+23              1950.0003
Jupiter                  Metis                   128000000              0.019   146.912   135.777   350.53     +10.62 19999.8432              .0012        25468.88832        0.019   101.18             tidal     1.0E+20              2000     
Jupiter                  Adrastea                129000000              0.054   28.378    298.347   2.37       +11.51 10299.9957   .4685      .0018        25855.3728         0.054   64.528             tidal     2.0E+19              2000     
Jupiter                  Amalthea                181400000              0.388   112.472   321.025   336.886    +6.91  90333.1348   .4733      .0031        43042.65696        0.388   109.227            43027.2   7.5E+21              2000     
Jupiter                  Thebe                   221900000              1.07    352.544   5.844     282.02     +8.83  50000.2451   .5785      .0177        58279.9536         1.07    356.478            tidal     8.0E+20              2000     
Jupiter                  Io                      421800000              0.036   46.636    263.604   140.8      +1.71  1821600.1426 .7037                   152853.5232        0.036   90.968             tidal     8.932E+25            2004.3998
Jupiter                  Europa                  671100000              0.467   129.499   22.486    224.174    +1.48  1560800.0721            .0002        306825.408         0.467   175.752            tidal     4.8E+25              2004.3998
Jupiter                  Ganymede               1070400000              0.172   46.591    230.87    149.796    +2.14  2631200.0644            .0011        618153.3792        0.172   37.9828            tidal     1.4819E+26           2004.3998
Jupiter                  Callisto               1882700000              0.306   300.268   56.322    181.655    +1.03  2410300.2927            .0074        1441931.1552       0.306   316.691            tidal     1.0759E+26           2004.3998
Jupiter                  Leda                  11165000000              27.457  217.137   272.349   228.076    +13.46 4999.9608               .1636        20815488           27.457  0                  tidal     6.0E+18              2000     
Jupiter                  Himalia               11461000000              27.496  57.245    331.995   68.721     +8.23  84999.9707              .1623        21648919.68        27.496  0                  34560     9.5E+21              2000     
Jupiter                  Lysithea              11717000000              28.302  5.528     49.486    329.121    +11.73 11999.7785              .1124        22396608           28.302  0                  tidal     8.0E+19              2000     
Jupiter                  Elara                 11741000000              26.627  109.373   143.591   332.962    +9.87  39999.6864              .2174        22434001.92        26.627  0                  43200     8.0E+20              2000     
Jupiter                  Ananke                21276000000              148.889 7.615     100.619   248.793    +12.13 9999.9216               .2435        54518400           148.889 0                  tidal     4.0E+19              2000     
Jupiter                  Carme                 23404000000              164.907 113.738   28.199    234.027    +11.25 14999.8824              .2533        59788800           164.907 0                  tidal     1.0E+20              2000     
Jupiter                  Pasiphae              23624000000              151.431 312.99    170.45    280.193    +10.3  17999.9863              .409         63504000           151.431 0                  tidal     3.0E+20              2000     
Jupiter                  Sinope                23939000000              158.109 303.081   346.394   168.397    +11.59 14000.2725              .2495        65491200           158.109 0                  tidal     8.0E+19              2000     
Saturn                   Pan                     133600000              ?       ?         ?         46.635     +9.82  9999.9216                            49683.410208       ?       288.56             tidal     3.0E+18              2000     
Saturn                   Atlas                   137700000              ?       ?         ?         153.701    +8.24  16400.2282   .3536                   51986.7072         ?       254.374            tidal     1.0E+19              2000     
Saturn                   Prometheus              139400000              ?       ?         280.554   12.25      +6.22  52666.5086   .3816      .0023        52826.83488        ?       254.374            tidal     3.3E+20              2000     
Saturn                   Pandora                 141700000              ?       ?         167.649   13.918     +6.28  43333.6307   .4378      .0044        54302.821632       ?       254.374            tidal     2.0E+20              2000     
Saturn                   Epimetheus              151400000              0.335   195.006   196.136   310.289    +5.44  59666.9634   .6233      .0205        60012.576          0.335   197.829            tidal     5.4E+20              2000     
Saturn                   Janus                   151500000              0.165   303.797   27.852    183.455    +4.42  89666.7282   .5511      .0073        60012.576          0.165   297.126            tidal     1.92E+21             2000     
Saturn                   Mimas                   185600000              1.566   317.457   92.864    74.23      +3.33  198666.893              .0206        81426.53952        1.566   316.626            tidal     3.75E+22             2000     
Saturn                   Enceladus               238100000              0.01    137.077   334.689   292.89     +2.09  249333.5447             .0001        118386.8352        0.01    327.341            tidal     6.5E+22              1999.0007
Saturn                   Tethys                  294700000              0.168   149.174   149.166   159.35     +0.57  530000.3045             .0001        163106.0928        0.168   78.7003            tidal     6.27E+23             1999.0007
Saturn                   Telesto                 294700000              1.158   68.124    80.729    124.007    +8.74  11666.5752   .5903      .001         163106.0928        1.158   34.5975            tidal     7.0E+18              2004.0056
Saturn                   Calypso                 294700000              1.473   159.184   43.64     314.41     +9     10333.1249   .5433      .0005        163106.0928        1.473   117.281            tidal     4.0E+18              2004.0056
Saturn                   Dione                   377400000              0.002   57.741    173.999   240.15     +0.72  560000.0693             .0002        236469.456         0.002   324.045            tidal     1.1E+24              1999.0007
Saturn                   Helene                  377400000              0.212   10.214    80.357    48.615     +8.39  16333.3327   .6228      .0001        236469.456         0.212   121.398            tidal     3.0E+19              2004.0056
Saturn                   Rhea                    527100000              0.327   151.095   55.869    9.39       +0.04  764000.1264             .0009        390312             0.327   142.514            tidal     2.31E+24             1999.0007
Saturn                   Titan                  1221900000              1.634   161.046   173.749   192.01     +1.34  2575000.1992            .0288        1377684.3744       1.634   154.423            tidal     1.3455E+26   146700  1999.0007
Saturn                   Hyperion               1464100000              0.568   273.863   105.058   341.73     +4.56  145999.7473  .4871      .1042        1838299.0176       0.568   0                1123200     2.0E+22              1999.0007
Saturn                   Iapetus                3560800000              7.57    92.583    276.35    350.876    +1.19  718000.2322             .0284        6854127.8112       7.57    337.237            tidal     1.59E+24             1999.0007
Saturn                   Phoebe                12944300000              174.751 237.143   337.537   174.569    +6.61  107000.3079  .6598      .1644        47561472           174.751 125.946          33360.00012 7.2E+21              1999.0007
Uranus                   Cordelia                 49800000              0.085   315.4878  325.9002  298.86     +10.45 19999.8432              .0003        28946.92464        0.085   0                  tidal     ?                    2000                        Equatorial  Equatorial
Uranus                   Ophelia                  53800000              0.104   98.78516  76.78638  223.44     +10.35 21000.0902              .0099        32520.984192       0.104   0                  tidal     ?                    2000                        Equatorial  Equatorial
Uranus                   Bianca                   59200000              0.193   249.5579  55.61722  53.75      +9.8   27000.298               .0009        37547.620416       0.193   0                  tidal     ?                    2000                        Equatorial  Equatorial
Uranus                   Cressida                 61800000              0.006   117.8223  7.397621  327.995    +8.95  39999.6864              .0004        40052.41344        0.006   0                  tidal     ?                    2000                        Equatorial  Equatorial
Uranus                   Desdemona                62700000              0.113   139.4565  156.5501  137.55     +9.43  32000.2588              .0001        40923.326304       0.113   0                  tidal     ?                    2000                        Equatorial  Equatorial
Uranus                   Juliet                   64400000              0.065   338.6255  310.7116  303.675    +8.6   47000.1412              .0007        42600.86784        0.065   0                  tidal     ?                    2000                        Equatorial  Equatorial
Uranus                   Portia                   66100000              0.059   314.3064  117.1356  88.857     +7.8   68000.2314              .0001        44340.12576        0.059   0                  tidal     ?                    2000                        Equatorial  Equatorial
Uranus                   Rosalind                 69900000              0.279   374.3601  105.5986  135.84     +9.18  35999.9726              .0001        48250.9008         0.279   0                  tidal     ?                    2000                        Equatorial  Equatorial
Uranus                   Belinda                  75300000              0.031   282.9229  36.80566  337.86     +8.95  39999.6864              .0001        53872.776          0.031   0                  tidal     ?                    2000                        Equatorial  Equatorial
Uranus                   Puck                     86000000              0.319   21.8275   274.907   269.916    +7.42  81000.2569              .0001        65822.36256        0.319   0                  tidal     ?                    2000                        Equatorial  Equatorial
Uranus                   Miranda                 129900000              4.338   275.001   312.697   148.9      +3.63  235700.2418  .6951      .0018        122123.86848       4.338   0                  tidal     6.6E+22              2000                        Equatorial  Equatorial
Uranus                   Ariel                   190900000              0.042   337.044   340.555   350.75     +1.4   578900.2779  .7053      .0012        217761.08256       0.042   0                  tidal     1.35E+24             2000                        Equatorial  Equatorial
Uranus                   Umbriel                 266000000              0.133   325.953   189.991   229.37     +2.04  584699.7992             .004         358058.1024        0.133   0                  tidal     1.17E+24             2000                        Equatorial  Equatorial
Uranus                   Titania                 436300000              0.112   61.667    322.028   53.85      +0.97  788899.9057             .0012        752190.7968        0.112   0                  tidal     3.52E+24             2000                        Equatorial  Equatorial
Uranus                   Oberon                  583500000              0.069   118.682   311.657   85.18      +1.17  761400.1213             .0013        1163212.704        0.069   0                  tidal     3.01E+24             2000                        Equatorial  Equatorial
Uranus                   Caliban                7231000000              140.878 163.54    342.656   163.097    +8.55  47999.7511              .1588        50064480           140.878 0                  tidal     ?                    1999.0582
Uranus                   Stephano               8004000000              144.103 188.164   18.65     82.202     +11.96 9999.9216               .2295        58483296           144.103 0                  tidal     ?                    1999.0582
Uranus                   Sycorax               12179000000              159.403 260.857   19.882    170.27     +7.07  94999.8923              .5224        110887488          159.403 0                  tidal     ?                    1999.0582
Uranus                   Prospero              16243000000              151.966 316.778   173.832   180.868    +11.08 14999.8824              .4431        169499520          151.966 0                  tidal     ?                    1999.0582
Uranus                   Setebos               17501000000              158.161 247.62    358.929   126.429    +11.08 14999.8824              .5843        190847232          158.161 0                  tidal     ?                    1999.0582
Neptune                  Naiad                    48200000              4.738   58.582    354.0778  150.945    +9.81  29000.1549              .0003        25435.785888       4.738   0                  tidal     ?                    2000     
Neptune                  Thalassa                 50100000              0.205   142.0225  212.6123  90.52      +9.12  39999.6864              .0002        26912.26512        0.205   0                  tidal     ?                    2000     
Neptune                  Despina                  52500000              0.065   5.503906  282.4269  41.69      +7.78  73999.8021              .0001        28914.20928        0.065   0                  tidal     ?                    2000     
Neptune                  Galatea                  62000000              0.054   285.3589  125.5678  348.31     +7.64  78999.7629              .0001        37043.57664        0.054   0                  tidal     ?                    2000     
Neptune                  Larissa                  73500000              0.201   326.7974  54.12     34.912     +7.2   96500.2628   .6051      .0014        47922.09696        0.201   0                  tidal     ?                    2000     
Neptune                  Proteus                 117600000              0.039   217.4241  181.2898  94.96      +5.53  209000.0179  .6671      .0004        96968.06352        0.039   0                  tidal     ?                    2000     
Neptune                  Triton                  354800000              156.834 172.431   344.046   264.775    +1.3   1353399.8123                         507749.3856        156.834 295.686            tidal     2.14E+25             1989.648 
Neptune                  Nereid                 5513400000              7.232   332.462   283.9     215.9      +3.91  169999.9414             .7512        31115766.816       7.232   0                  tidal     2.0E+22              2000     
Pluto                    Charon                   19410000              ?       223.015   209.793   358.04     +2.15  592999.938              .0002        551856.672         ?       0                  tidal     1.9E+24              1986.4638                   Equatorial  Equatorial
